max_simulation_time: 15
delta_t: 0.1

lqr:
  N: 50
  nx: 4
  nu: 2
  w_pos: 1.0
  w_vel: 0.5
  w_acc: 1.0
  w_stl: 1.0
  exp_q1: 5.5
  exp_q2: 5.75

iteration:
  max_iter: 50
  init_lamb: 20
  lamb_decay: 0.7
  lamb_amplify: 2.0
  max_lamb: 10000.0
  alpha_options: [1., 0.5, 0.25, 0.125, 0.0625, 0.03125, 0.015625, 0.0078125]
  tol: 0.001

vehicle:
  target_velocity: 5
  wheelbase: 3.6
  width: 2
  length: 4.5
  velo_max: 10.0
  velo_min: 0.0
  yaw_lim: 3.14
  acc_max: 3.0
  acc_min: -3.0
  stl_lim: 1.57
  d_safe: 1.5

laneline:
  reference:
    x: [0, 50, 100, 150, 200]
    y: [0, 0, 0, 0, 0]
  border: [-1.8, 1.8, 5.4]
  center_line: [0, 3.6]

initial_condition:
  # [x, y, v, yaw]
  - [0, 0, 4.0, 0]  # ego
  - [10, -0.2, 0.0, 0]
  # - [14, 6, 4.5, 0.5236]
  # - [40, 13, 1, -0.2]
